28841971
41971693
82534211
25342117
42117067
30664709
5822317
31725359
49303819
75648233
37867831
71201909
48566923
26648213
13393607
73724587
70066063
25409171
1133053
9433057
57595919
21861173
81932611
79962749
24891227
89122793
30119491
40656643
30860213
39494639
39522473
98609437
9437027
53921717
21717629
31767523
20005681
91736371
1224953
30146549
5079227
50792279
96892589
23542019
1995611
21290219
40344181
34418159
81362977
60518707
13499999
72978049
28160963
81609631
9631859
53469083
23082533
1000313
313783
31378387
88658753
33208381
38142061
81420617
76691473
3598253
77818577
26806613
6613001
66130019
78766111
92164201
65936153
79682303
30195203
85296899
99413891
13891249
91249721
27855889
88907509
38175463
81754637
27701671
1671139
84882401
76601047
66010471
55961989
98946767
53797747
69491293
94912933
49129331
91293313
21620569
15019351
38243003
30035587
47496473
26992279
82354781
21641219
28618297
70674983
45885869
95690927
27210797
10797509
29553211
66549911
53566369
41757467
81647
61452491
24919217
92173217
21721477
52552133
7394143
73941433
56209921
94601653
82796797
12520511
48960841
11863067
78622039
86220391
4712371
64657573
64599581
45995813
90478027
994657
57640789
78951269
94683983
39835259
72671947
64013639
96252451
59250937
61515709
85838741
87410597
78859597
92846813
77415599
25245953
45953959
95395943
46808459
80845987
84598727
22262609
97627807
27807977
91435997
29616089
84886481
66727823
45659611
86230577
63456817
17432411
14566913
69136867
68672287
72287489
49096759
13655497
48216829
1427047
75551323
55132379
37462343
29524849
95248493
93718711
45765403
59027993
731057
85390621
90621983
98387447
33214457
18453191
61468067
92781911
27819119
39952061
52061419
44406437
12371819
18192179
99839101
39101591
91015919
97489409
86494231
94231961
19615679
25231603
60388193
93014209
37787083
87083039
6979207
99661501
50306803
47734549
31734649
49651453
10055081
65879699
35747363
52571459
40110971
95156771
20337869
87631763
63176359
76359421
94218731
14712053
14848829
82916447
60957527
57527069
22910981
1735067
35067127
12748583
58322287
71835209
39657251
10835791
35791513
51033467
3346711
46711031
31412671
1651511
15116851
71437657
50884909
99823873
45528331
52833163
54896321
6420467
16549859
59461637
88957571
28289059
32332609
23326097
60972997
71208443
32654893
11932597
66730583
4142813
81388303
24374417
18093773
19130203
76211011
44485963
28684783
52658213
26582131
82131449
86426243
24341077
78028073
20653109
65310989
85581007
58100729
48611791
50346113
700237
70023787
237877
78776591
56223053
99456131
95457163
14002501
64715509
50979259
90796547
7965473
45477917
91745011
90304639
46399471
1938971
85647503
20319869
15140287
9412147
12147221
45403321
79866223
28433663
33663937
39379003
37900397
92656721
63853067
38530673
65712091
9180763
88007869
96617119
17119637
11963779
1566049
94726547
25230817
5670403
70403867
40386743
24771589
58915049
84448933
93259939
39780541
97805419
47377441
4721569
56951623
86724229
79409243
97794223
82216889
16889573
83798623
62300159
15881617
55782973
44604281
12627203
76397929
34419521
9277771
54532207
98828161
16133231
36528619
46436267
79456127
81340783
13407833
62542327
5835311
11477119
26063813
39130771
13077109
74587847
20192771
79077071
7707157
21344473
47306057
28404251
80694113
13528013
28013147
1314701
47013047
85452011
86586557
4965209
97285847
85847831
82468579
3953527
2900587
60758251
58251047
4747091
26760449
58450687
60290161
29016187
61876679
52257719
93064553
6455377
64553779
55377991
28889639
96399587
63995879
79475729
45525407
13571113
69410911
93932519
32519107
52026187
84297259
97259167
59167781
49699009
1921169
30050051
83233643
92233451
69650117
28599371
37162313
84640903
61986907
85160263
49187407
30474611
53858153
20568533
38621867
2830871
11232827
23282789
89212507
21250771
29463229
16745627
74562701
56462201
1349671
9730381
19800497
97340723
73407239
54066431
90190699
6855019
55019567
56730229
30229219
21913933
74553859
49597783
37790237
23742161
86240851
86705431
47069657
74585503
23342107
51655379
6866273
62733379
37995851
88273723
59578111
67446047
25626901
93814657
72347867
23478673
34786733
83834363
98641927
56387293
29317487
70894387
20162951
15413371
37142489
76164773
61647737
15552781
27819653
22020203
20202031
20203187
3187277
77605277
42555187
92530343
39844253
41576233
6425063
58975141
89751413
34822769
69160781
78154781
81152843
43667957
6110861
45212747
52127473
21274739
39245449
41486377
43027253
72538607
14334623
64521641
16413767
31495019
91085759
84423919
91642193
93994907
46844117
44378051
5133389
45257423
8296591
21572503
52201187
41542051
41634847
47565169
78386909
2691041
79288621
7842451
84245167
16709087
6604183
66041837
48600341
341587
41587229
62917487
92222453
84250391
3912757
54566101
65590429
18294127
31378517
40708667
14965583
38645587
45876871
39361031
10310291
2916161
81384379
9904231
17473363
39480457
80457593
47574811
93567091
1377517
53090669
22909433
68514221
42214477
47737939
79393751
55046449
82446257
75916333
63330391
91072253
35086573
57391771
78265699
80053559
81883999
39994469
67626551
63445621
75585127
85127617
82920419
97484423
8007193
67507981
45563579
92122103
21221033
49923563
56302549
94780249
30911407
13331239
94707911
70791191
44186041
267049
70296923
49603579
95365349
34940603
44824651
15187547
51875471
18754711
39658253
13031509
50952617
66514793
21865619
27488921
92186543
27906821
6821207
68212073
7388377
37781423
22246801
22482611
18390367
90367367
20888321
37556003
44745601
13455641
43709069
9069793
44581231
31459357
14593571
21478057
30276347
27634787
81754501
75450119
71412233
5076431
64310063
98343893
95569781
38293097
51438407
38407007
40700707
70736041
7360411
45225161
10507027
2705623
40360367
45328651
48822569
78976697
55924019
62484391
84391403
39140359
53539459
53945909
40704691
46912091
20914093
91409387
60016237
80210927
72758461
83699989
69596881
25637567
56785667
43975187
74454551
44348039
77098429
30225763
41807039
66555661
73640053
36665641
90416087
41608753
37937023
86894791
77365949
65949563
63051007
8714261
97459561
13757047
37570471
47101787
71017879
52808243
78977233
64765241
16460243
52126693
73977041
37535551
35551667
55516673
749729
97297363
9866653
93549481
701731
7017319
79070903
23460461
61470961
4054607
54607429
74295869
95869913
24681857
46818571
71031887
6528703
65083243
83243197
68287027
62480939
96270607
26455399
43388729
92615959
62624629
90347119
47119729
89418059
59534393
55081349
8134949
436427
71383159
56898929
27287573
36100453
37304881
81985517
65941217
59412173
52462589
2988659
88659257
28561249
8330701
55915253
78445981
81831341
18313411
19992059
92059813
35220511
52205117
65856407
63938669
36445369
69858917
54426473
46218449
87776977
76977631
31830013
60128093
12809317
31794017
71859859
93384923
64005709
55856113
42330173
30173503
85526531
55265311
65311709
9957089
27328709
89226691
85534573
59029081
90817651
59464087
94640873
61232261
57228257
4846627
48466277
7998049
49254853
85346941
94146977
71885159
59740547
12257887
26868581
42362167
86269439
43965067
6715157
87045499
12046921
87360629
93860381
60381017
35495561
18689641
70904887
90488711
48871181
76618103
81031007
77054981
47469613
81085469
3832001
32001097
68066287
80662877
34324457
26400973
50893679
67930081
5346037
18348403
40306811
13818551
18551059
55105979
51059797
64007509
88573579
57960373
49759513
22221943
33303251
51117491
22164097
25483261
28252561
20526301
16391147
33148573
14857391
73910777
58744253
76421441
71361011
32679877
46417663
36980663
71983963
15432211
91224641
41591177
56861461
2800541
25941737
99420757
94207571
42075713
36275167
73189189
34269869
99472547
47254703
3165661
31656613
61399199
21789239
78923903
85428943
42894373
93561889
44040089
40089527
95271983
71983787
38823437
23437517
94988423
39060613
6061369
90796703
46149143
63604103
18235073
73650277
50277859
59089757
30504889
50488939
93989009
39890099
89009923
68691709
7485503
51184009
63250021
58529309
15105823
36267293
73821049
21049387
49387249
49966993
42468551
16483261
2668297
38652209
62932019
93201991
83953669
47080459
8045923
56661113
66111359
11359823
35982311
90585491
243931
9021071
17661503
86260253
2537881
25378817
81797519
48991721
6016391
89578037
3711779
78742891
28919179
22417189
74123419
23419339
39842021
13510331
10331147
14763949
84306583
65836193
35369329
69329699
79149419
32655643
56436421
44257607
98431573
25989109
59891093
11238901
68221429
29457667
64870261
48702613
2613389
89282299
99497257
35988341
54238973
24395647
48445541
1620769
36368467
84677641
41301781
19659379
79971557
74685419
54194633
94633489
89374843
93748439
88867781
86778113
86164787
66763847
46650407
73998413
60643153
68097787
32824123
24123929
3184303
12849511
30243559
39507577
31446167
67050827
26341631
63157147
4258459
59884199
41990761
7611287
35689601
7342081
87868789
86878949
72619009
950207
2076433
45086453
64536289
86227363
98600659
59148161
64049449
96501173
80236537
19759799
59799359
61269157
26640599
57625847
56421619
65448937
86439137
18659467
97423723
24948347
97955101
35030309
94530973
83446283
46283947
94763047
85075789
43585877
37962559
79625597
59708167
79261019
20177723
17808419
8419423
15560359
3599839
74564239
13952629
45543913
39131663
67843877
73136201
10114723
1147231
26772533
77253391
76896311
10902209
78505807
5807171
54967973
49679731
87085069
69420709
29080703
70383263
5569001
1341371
41371823
99194951
34126787
35654639
46391383
91383631
60545603
5456039
41446513
6698831
68331001
90421939
42193903
13709243
31084913
15642269
7430329
53152703
22460551
76370761
70761799
76179919
91919203
79582007
79439363
36307463
69010801
1149427
93913691
69138107
81072581
13781357
99500183
42511841
25118417
36055727
35726527
617801
80138897
70822931
79766593
87589093
63224393
14458837
37855019
70487581
12908783
25489649
97156069
60698119
81021799
81055459
54598801
45988013
97651121
12124153
51500563
7012781
28655257
88370153
70153487
8062601
62601809
38151613
33411113
65385109
19367393
93835229
50753947
43968079
86548801
80168287
41974253
82070419
84547123
47123183
7262933
23226821
10235647
56477527
47752723
6351889
82500161
1532351
49499077
49907789
86857787
29013529
35295661
84860509
97860859
57017731
14951681
16814671
68146717
76099421
42100361
10036183
616229
83361613
61338413
84133853
36842119
52956919
72125353
58231013
13310387
26421979
79155233
38576623
76623167
75475703
41301863
61194391
74322427
42768091
68091323
89991401
83854831
68545307
45307651
53076511
16803337
52695179
20402381
23283917
67655117
50027933
18404041
1043513
34838953
89531201
78369283
80827193
26549617
5674507
27560011
112501
76594927
60504161
53876887
88714837
14837989
37989559
95599991
99112099
64644119
91856827
57424343
93301277
15814801
5645501
56455013
50133203
54858403
9348091
26318099
80987399
76697323
69573701
23661689
90259627
4306793
93165311
94017647
87351409
52423873
82184099
22606163
85018841
64080631
77577257
94004929
56547973
72022763
4668233
28271057
5784319
75354179
74080213
8021347
28515797
22840999
40999561
61601569
16015691
26792659
50395879
87922981
52648007
706837
25700659
35955671
60264859
2648593
95890661
79482827
32719223
35472653
26530981
32702069
538621
53862163
9469547
48022147
57810581
27248479
47816957
83073323
37542889
75428897
79714499
54038681
40386817
81799213
73346267
33462679
96504409
99542167
42167627
62784091
46698569
85692571
50743157
7938053
92523947
25181921
19215523
55233709
33709607
5596103
96103307
94145347
88022281
85867883
58774567
25072759
18052187
5218729
24610867
85505839
9097817
68240401
82404011
7350857
96904669
25472519
47681479
70070503
76950161
50161249
4030399
93615101
51010243
6129493
38859901
66102371
2371223
71223547
22354789
60050479
504797
3922691
61025441
14922157
8120677
81206771
67717357
77173571
2429681
87814049
49075517
20385653
56539099
4775941
77594141
94141321
6250301
2757169
56008453
92004197
81367373
76399759
91598809
15988097
42346063
60634237
98150539
37486027
26923229
69232297
73932361
36192007
12624751
75186983
51869833
95151019
87847171
78471719
96649769
26998469
2323823
5565551
90876613
66136013
23105531
72987637
56981633
33541507
63640693
6688651
61497307
56850169
47488541
72342877
30699853
65307839
7839877
35597323
68604301
57608389
88859513
91562707
63947311
58322669
94570249
94139831
98316343
16343323
42524491
19435891
38121791
99384631
84631177
71512283
1160359
49646693
5601433
16792969
69965041
79642931
29316229
55201687
79730003
46304579
18115553
55330909
30909887
48769519
65967379
96737947
16808641
77650037
50579327
56152471
52471459
52236083
55105223
52235723
23572397
78591427
81654263
92004281
9136937
13693777
99983327
82082969
55737727
73772737
98876201
76201141
34716037
60373429
96522961
1782679
79717289
72898229
28982293
88069087
68660593
40539769
2194471
92560841
45412447
7987607
68315407
78865439
65439041
4121087
21749869
44561227
96846647
64751333
72014647
32555899
88434959
95928761
75587569
14001179
687647
47731867
15847753
97009439
45066533
53398573
88878661
87866147
41401049
10498889
12076781
10358861
96119363
78563531
16845769
99769841
50234771
67286573
74664607
77228341
41540311
96693607
55949651
33116627
37317439
54067031
96700319
86625941
5335843
84656023
2339179
96749267
33365557
27135259
2964211
70441573
96688667
45333499
33349999
26699
2669987
81593507
71410483
40784641
67452167
74521673
90483109
67113443
55263563
32584339
62406703
72912487
40316179
99411397
38776589
55417031
70318847
21266617
88098863
63359911
91160819
23535557
85918979
79613279
76000139
4829329
44435159
44351591
32010773
20107739
52977697
84303061
3585293
41033701
3370109
70109167
10916767
76210213
50926307
30719011
85749233
49233181
23318167
18167207
54815609
40633303
33303937
48047243
80472433
4724339
29558777
58777639
88285277
46075849
75849623
31574369
74369171
69171131
47800147
52310393
31039357
57860689
96111259
96028183
2818393
70905907
35191459
10297327
75571049
55710497
77700179
77001791
19613791
27070189
84692143
27459109
20191559
10110497
74733949
77885989
98297057
44051099
30345463
43327267
6099941
59188141
78362729
72927461
71037217
87457999
55191221
45230753
12720317
3174487
31744871
19540397
54039761
80602699
90625807
20292731
7807991
91418429
72663917
464819
65841521
41521489
89912761
3285749
85749187
91876909
81205409
50548961
89617301
1680961
16809613
11914361
19143611
76045993
68294467
25597549
53580239
55755247
2745397
27453977
62140493
49318201
87838043
13431059
60680083
80083459
83459113
74080057
574127
90809143
9143831
13391809
40251163
91936853
38966953
32455571
24555719
71948453
10600607
6006073
40273469
49239683
37606421
67781377
37739951
51006589
4609849
9469763
56622829
29151323
95886691
66918023
2389403
34120223
85778603
86035727
35238131
50470463
46312933
90458311
31114507
77394293
93520199
43219711
79892081
81594307
7167019
67019857
57469273
48653833
58800169
97282937
53256251
59365099
65099347
47215829
15829651
58296517
35798491
11166079
11660791
60791587
12223483
20260729
26072947
76607717
5277187
77187601
5864557
58645577
64557791
44026193
23224709
29335507
61741079
95916251
68611247
5428673
86734367
67027409
42497111
11149657
14965781
95610877
84433751
82826477
9704033
55614733
73321177
33211777
77117441
71174413
40351781
25419643
19643203
49088681
12483091
10605377
98021831
38665447
86654471
71812603
68846237
62370857
80035327
18565949
61242481
86791589
84240659
15076903
50769031
20673533
35338483
36366017
9804269
26924713
46401437
64014373
82497061
6172367
23674493
66094123
95854079
54079139
79139087
90872083
8322733
7571651
98569379
93795623
87555161
75551617
57543809
20044721
6005891
24474937
43184149
61639663
98615527
61552759
27598201
75600689
60068929
45763607
76360789
38909363
51845273
73288403
51646571
46571647
77139323
71393237
47951261
65174587
78771331
77133181
88223221
71454781
76820963
68209633
3888763
93894557
97308569
8569559
36266159
25084067
6742889
37563569
78232501
61821247
18212477
21247781
81326633
82124863
21248639
78688781
65582513
36178903
73803827
52798849
15890519
19420879
94208797
20879711
30805123
80512339
99171691
18710603
79464337
37900589
58909577
86717861
71786101
17861017
78610171
95766577
12099079
46328929
28929473
84956063
91465783
57832933
92917547
23007731
67240141
15428857
92081219
21984493
5918201
18201181
97335001
72803681
42547781
47781961
15226147
5158499
84998603
3552953
38881013
16438967
67863097
30976273
66170123
56213797
45524447
2301847
98574521
44897389
80249249
85403077
75165911
28739587
95878709
9810077
81007727
71827187
42142871
21428717
71705531
17055317
31796543
53636147
81809699
9699769
48626407
26557481
1020413
74983187
31872259
87225967
22596773
19658459
45930083
8394263
2087563
32480321
3212267
22674989
67852859
78528599
40524203
42031091
17978999
93913207
34317079
6853711
34244971
89329909
9035239
39233333
47435203
3707701
70770101
1010843
42283861
28386161
86161721
18780539
47472059
74720599
58289183
29223373
22337323
93644933
33488647
32340179
3601693
86711321
25070407
63313639
95211709
80926303
26303759
74257559
47444521
44452189
52189363
97261883
79313813
13813991
58869247
89192461
31027573
10275731
39084047
4700071
30410371
4103713
37135453
29662063
25401323
1323149
85892063
89206321
9103463
32714153
62859073
57295541
64982741
88574107
41071649
41736389
38906653
42291583
73612453
84916067
16067413
6741373
79956341
26883569
95078149
31378007
73623541
35418007
18007061
28551191
24117283
72837493
12616339
1239599
5084543
56985079
98507957
19000103
10350049
490183
1830341
83376437
43781119
63187777
77779253
53954183
95418359
83598443
59844383
41068207
10682071
89842343
34331527
27321313
6044237
44237747
26663891
14881717
11389069
87994171
54042103
12190847
39329429
12927119
35360009
68848309
41427077
14270779
87422927
27705389
65431921
81760741
83582971
35829719
58297193
88834567
41678113
75044833
44833931
31468963
46896307
63076339
72704339
86685427
66854279
79897799
99233957
92339579
24850783
34071101
14498047
78726691
99018643
30538231
31855973
80922253
95910173
73414073
1824239
82423921
39219269
50620831
62083183
8318381
98910121
59767049
8305081
46643713
37131229
71312299
23588953
5599423
23371631
67646533
65338099
99415907
26398651
51462533
56960551
69605513
13183813
18381317
13174261
31742611
79503673
13317533
74813429
30647849
97184251
44276201
88881503
59466469
64691623
80920139
39281491
98234063
94456129
50823581
35812487
58124873
24873917
99648641
75777521
72262349
34948601
46652681
65268143
52681439
68143987
31702669
70619533
26166391
92517001
25946201
87409859
58532147
66592529
99143537
41581763
37058927
70589279
90690989
9896911
98969111
11643811
18780943
37152133
21332261
14490127
47726957
39393481
62492887
24928873
7150399
67319543
95431619
73882513
51396391
91635767
56037263
80865373
94244011
50736071
73607111
73775209
23824211
78066061
62929667
96434687
4799953
78703487
34211227
39402557
40255717
40188427
88427057
5704609
81001831
3257069
93705109
10908307
99990049
93953221
67769797
97978567
79588583
13766521
95882869
1836011
71672453
67245377
83133887
13955969
23246227
43075301
5285713
88528519
60473461
34613113
13826387
63878897
88975517
68486189
84861893
42039889
94428203
82039301
30127481
12748163
74816381
30396439
3964399
43992547
93285743
66164411
9625663
25663373
96751483
51483287
77752783
34422109
10731113
56555729
52857863
78633493
322969
22969069
69775831
58315903
58860079
42097547
54739229
29673331
33310649
54584317
48229409
16751957
4006381
22465841
58358581
90478153
13771847
72814751
28147519
85990847
92535041
25350419
50419379
68315867
30536017
60178031
12573059
12339601
78254219
47673371
76733719
67337191
48057421
21248921
92118347
66720727
56512933
33126059
60595057
5950577
42471241
12416483
20723617
43059683
56868611
86118839
18839713
27665557
97787267
85446869
55708537
55450193
50193037
57815467
78918523
32321501
61260343
73684067
68406719
40671941
41930377
47878123
23266253
66253181
54383911
91144967
92521153
4042523
363619
4042033
42033113
33113579
11357933
26303561
61457009
57009011
39314507
7607167
27437743
78906797
68743847
87438473
27170909
86309029
82892749
74968921
96892121
81648583
58339553
83395537
55377359
73591913
42107987
25286507
48561433
43316081
60812693
78610969
86503457
66868859
19497397
77371871
11228509
52926103
30210673
64397623
70099111
80220893
98694977
77994001
46797253
98486459
45927173
5308531
37182911
91168163
68163721
81637219
93951887
64507699
7699343
76993439
91820923
83314397
67308407
73084079
99055637
25232653
30826811
83103773
61303133
31336477
13364773
33647737
14614661
14661679
26036009
52194721
88909181
58719641
5007983
53886083
38860831
86083103
45580219
55802191
80219119
11942899
23534587
26177663
66500353
53105021
18206017
1760921
76092179
79846849
93727951
73537171
86650433
14771041
71041493
93492743
87107159
59731559
25702709
12510811
81188117
11728247
60966253
21955919
23172763
76316321
83398969
33989693
6712939
40414459
45938623
1090967
96773869
40415897
61047643
49637111
44914861
69826903
26903089
56879869
92947051
68470729
22237301
86277679
76796809
83782687
10904371
56112997
73700057
37686287
86287681
68179249
49746943
46525631
55130417
46455127
78457777
24575203
28282567
41011037
10110379
79554641
95546419
44769587
4752277
11772071
7188037
93765643
33631979
73079693
30796939
45035477
3547763
54231179
62415083
42637687
80503331
5033317
36232403
47189761
75992503
22358591
13144049
1732361
71976571
53531977
62785663
11904691
69126091
49890367
52637573
69693443
47306719
98868901
88689019
77908669
79086697
37589641
96415171
71479559
47955953
53878427
78427849
82762657
23261879
40632701
89895703
60629867
11583043
20280929
2809297
29752649
98125691
13050229
98052637
36426959
33707053
38113249
81132497
13249757
43034671
87868471
50692507
25888301
1486781
67816219
94412459
5154619
40313257
16326407
14709041
41254253
23248021
93227707
38717423
74236061
65146141
1826173
7862273
27395581
25420771
5475361
40474601
95444959
28814869
5636171
56361713
37692227
77551777
5622059
87264539
69766031
80855759
85575947
47163107
46326641
74380469
80469821
42056381
38125583
34364219
32275937
25440841
53694049
4969271
46048103
60481033
48103301
10330153
30153889
14994869
3022181
40000223
5642599
64259963
42599639
92330837
62659547
26595473
24134597
79569319
39189911
29873611
42196333
98889887
70060799
61763477
17634779
37567811
82165711
54952829
29497493
16109627
87437509
92230211
30211609
2116099
60998263
9250897
8974507
40907689
89836529
41065813
79198409
40906457
9064571
26240089
21501661
16616381
13538381
51503773
66074627
68556907
75166241
71942933
19429331
25821581
15812803
96200281
28622171
31719593
32471107
87106661
77034653
65352839
95776259
57158161
11432717
34788599
69491413
41390977
13909771
7901161
74456293
60548711
71172359
91058509
32156153
73083817
81732793
32793281
83875087
87083483
83880463
88478441
26974543
54370937
78017827
70080587
5878241
82410749
88997891
61293203
20351081
9030487
74622629
42344327
34432757
76886507
44921537
75149219
92196367
21963671
4943531
6572513
50893679
93679043
3148679
10209461
46149007
14900797
49007971
97151377
63147551
37231757
71143223
32231741
31741141
17411411
90621019
92355223
23546711
60970253
91383667
13836673
40002811
2608471
746807
40887113
87113413
77316797
16797709
65344231
63784769
76978751
87514433
95340001
54647689
64768909
4488083
32293361
33612431
51430657
7028389
18971209
89712097
26561341
65613413
22988279
98827909
88279099
79099217
4267981
79812457
13382609
26099587
71781131
31021673
68340661
16918337
37236803
43681207
44914619
22969099
9921227
65556229
56229431
78240517
98303791
92521679
4061237
74845079
48450791
79151147
13440001
44000183
3449209
29353403
53403743
53579011
57901183
56490893
1342969
17545249
2887289
27522499
98823299
62635459
26354597
24445163
33437749
49292899
55562693
69374269
74269109
16541171
5198317
31787137
79890847
88150781
46852621
73837651
83765119
79220087
70579339
80698769
81974923
24226087
60871541
60890437
8904377
90437797
37797667
97667851
18914041
42057787
68479669
99295543
77380603
98387147
84828053
61159663
39979343
69339119
39119789
9156541
33082607
82607647
76474063
74063057
6305711
5711411
41109883
43782847
83836807
38368079
66622207
22207043
22887413
87413947
1017721
10177213
21392281
39228191
54055163
51639589
93474263
34742639
53824829
288359
2883593
83593277
50608013
6080131
46563997
48275783
57836501
42215513
42786383
27863839
83916797
39167971
10738087
87996547
47455697
91982717
71770207
78389557
83895577
71949863
19498631
98631721
21084439
65925173
19310653
39169363
36326237
76777709
3132559
27319573
46770121
27020533
20816813
72539837
74876909
21827857
12738563
83270617
61725893
32575363
25753639
57536399
97615459
22658063
58063151
11102803
38436017
84360173
71590733
42173657
62671423
26714239
78279587
5095633
32973641
9011693
28813403
89568967
89672753
91727843
86475149
3845549
94653859
85946027
87943441
44161099
25704457
12660203
50604247
6042479
33835657
62341949
82864679
3940177
17753633
33565547
75047191
71914489
40015867
55133707
70740739
53855383
55383439
48871099
88710997
97475813
75813449
34492607
68734423
98788441
64742809
10697993
26069339
85881391
91214807
6792509
65160611
21697787
16977871
69778717
6695021
40449979
60380231
79276529
92765297
43613023
11542469
71010529
47125973
71259739
40476743
4767431
74313637
54117641
11764133
90646063
7886797
52539317
26063339
14297963
79633669
10229867
38126069
81260693
36706913
69134081
34081559
61159601
606247
47983261
56813777
8252509
72497713
39448333
5539409
55685417
79857293
57293813
29381399
58319293
19293679
36791003
67910039
91844099
65756059
57560599
60599359
28376263
40418159
82830547
99524357
86057549
57549673
23636447
36447127
34284863
4139209
9610879
87960577
25365047
36504709
42891767
28917671
2111159
20076013
3366179
733879
73387931
86044229
27009743
8849903
51864067
3583409
56588531
31097609
10976099
76099423
68456057
31345627
58236389
63912397
12397321
40828421
45694703
47035771
57718487
87344203
59240911
29686439
80892611
11463541
62827573
51087887
45349363
63606827
98885879
46446041
47004631
4631513
15962647
64750141
66588661
65580587
29106151
91061519
6151939
61519391
17630059
70054339
182453
82453117
57603607
6356479
63564799
4139761
36696031
62193113
85179167
65926351
12145759
59262383
99466049
4919381
79812857
96112207
12207203
58948871
57662389
2462401
10487233
74917987
87554387
55438793
79387381
94312951
7432279
22792489
81833137
56210587
63007859
29186083
8397437
97437323
83644007
9457181
71817029
85523777
58168391
82941701
23591177
86285929
82038643
92540563
28163893
89397571
39757117
69154301
17459581
68040811
28432739
6205559
50462821
48990883
90819997
45296981
96981077
71340001
12253
46695409
93152131
31521311
57980269
98026979
74738747
80687653
53764457
52443263
38046143
43042889
61058269
7084403
3561167
11678171
33788057
50616119
42444079
60377951
19854869
48694559
50388953
74320949
95933963
6899891
41178653
35682149
20785213
93711503
58935007
35007163
36076321
7632161
82926619
16138393
76015691
99449437
85680977
88719161
33864739
86473927
47392747
41588489
42087653
20876533
87653347
65334799
19802173
49907387
87385679
98246609
66091309
72274207
74207233
63503267
83405863
63019301
42996397
21195353
53089891
72763573
91807439
48671453
98992693
92693281
26932817
17870557
64351433
77329261
43385263
63520217
28189813
45469397
61950047
9705617
70561793
58436249
62061557
6155713
57132991
64340303
95262263
62263451
51454283
88074251
74518061
16354049
27436819
15042563
12521921
21921803
66995417
66934039
34039651
78134857
44076047
75182689
39661133
60131119
13111907
86324627
24645409
43820807
98364823
86691349
1310801
81343979
19485283
30436739
24448141
80954437
598649
32285791
88496257
55455809
45564611
78755249
46174027
22802023
80202329
12216301
10230977
34263071
63071609
60920791
91408519
53488657
52775311
77531197
31197247
24743087
87304361
61951139
95113961
2558783
73063129
72716989
97074829
82960949
48764693
46937027
2750773
86643239
66432391
35318923
18530891
85308919
76847863
97852553
64474009
10590421
27904411
58034533
53003959
27079973
23313469
46765063
11475041
75041401
19826881
2875393
16023229
57864953
87759493
20117231
5023099
50230997
56764783
38488973
89734643
43172159
26787671
95239589
35858213
44636087
29195261
91952611
52611121
40276261
27626189
18941017
1757687
24288743
52470739
54652513
25135339
35339459
33945959
26354173
35417329
12651953
86001541
86413897
89779673
90705673
84226369
78495559
7986799
92953711
14512481
61990277
90671237
22632949
90467981
98120899
89984857
10878311
1620929
29805829
58292083
82920833
16125223
61252231
37549121
91216357
857369
97305979
73059797
97097197
11776217
30686813
81310351
11227133
25482557
68299691
76474883
34141213
98223529
35296579
14707481
76134151
50387569
44236319
3833183
5223679
52236799
79923577
23577529
61088899
58551881
43025209
28525807
77969737
44339881
62710031
9526351
49280069
25083607
10553317
87840829
4155251
45396331
53963317
31753853
20526607
45875251
25129997
40409279
68317663
8937587
89375879
21497173
31728131
93290443
72093493
20934931
93493123
93123241
12324107
61856237
73254073
57544829
73450019
21991199
7979893
79893733
42576103
57610393
44764061
35222023
25409443
79456543
54304067
49101761
1761077
7759483
82348613
84764851
48518957
86959399
39972997
72997429
97429747
74297471
85892423
85585859
59540743
71463011
98963287
22456103
500083
17764897
10288351
60236719
60831011
88389151
89151149
49340939
58558147
58147561
81475619
56190881
25367171
97036007
70360079
76263923
63923441
65848957
2414081
53693749
36937499
24628661
40533943
27181069
60413009
92558657
66846121
46121567
25660541
71276641
42742003
3295771
82169827
22760323
23659751
65975171
18925901
18550789
6328327
79963007
56896157
53975927
36553841
53841883
41883403
34030351
40303517
78215737
23185763
23638231
92198921
85920803
40386757
57583411
1164503
13576333
92367203
31043897
65214619
31443977
67083517
51714749
14749367
61865527
51063799
50018429
42959387
91583501
1715807
7598837
51212981
32637937
37937621
45659423
23668537
76799113
91131401
80431397
13973233
24910499
43298821
29706583
83065211
47076803
69532297
71990599
8727577
76225351
23928887
39288877
83280319
3191327
21464441
14644411
64441189
19355081
81875477
29410921
58411319
15888721
87515063
75150631
15063187
294211
2722729
